eph: 1 test_accuracy: 0.6270922437458586 grad_norm: 12148.342289752387 val_f: 7556.203446164886 test_f*: 7479.447649006249 f_rel_diff: 0.6636320690531421 time_used: 5.27515350000067
eph: 2 test_accuracy: 0.7495933839918074 grad_norm: 5404.969060193911 val_f: 5251.295781016577 test_f*: 5227.1264385792165 f_rel_diff: 0.5159928853773365 time_used: 12.043360700001358
